{"name":"Local: codeforces","url":"c:\\Users\\ambuj\\Desktop\\coding\\New folder (2)\\codeforces.cpp","tests":[{"id":1660768764666,"input":"3 3 3\n2 5 3\n1 2 7\n2 3 4\n3 1 2\n1 2 3\n","output":"0 6 2 \n6 0 4 \n2 4 0 \n"},{"id":1660817631413,"input":"5 7 5\n1 5 3 4 2\n1 2 3\n2 3 6\n3 5 1\n4 2 7\n5 2 5\n5 1 3\n1 4 9\n1 2 3 4 5\n","output":"0 3 4 5 3 \n3 0 6 7 5 \n4 6 0 7 1 \n5 7 7 0 6 \n3 5 1 6 0 \n"},{"id":1660817638725,"input":"10 15 10\n72 12 53 75 23 99 34 20 69 31\n1 2 23\n2 3 53\n3 4 12\n4 5 32\n5 6 62\n6 7 63\n7 8 87\n5 3 42\n2 6 46\n7 4 25\n7 5 38\n7 7 73\n8 1 29\n2 4 95\n5 6 88\n1 2 3 4 5 6 7 8 9 10","output":"0 23 76 88 58 69 69 29 104 66 \n23 0 53 65 35 46 46 32 81 43 \n76 53 0 12 42 99 37 73 122 84 \n88 65 12 0 32 88 25 75 124 86 \n58 35 42 32 0 62 38 43 92 54 \n69 46 99 88 62 0 63 78 127 89 \n69 46 37 25 38 63 0 54 103 65 \n29 32 73 75 43 78 54 0 89 51 \n104 81 122 124 92 127 103 89 0 100 \n66 43 84 86 54 89 65 51 100 0"}],"interactive":false,"memoryLimit":1024,"timeLimit":3000,"srcPath":"c:\\Users\\ambuj\\Desktop\\coding\\New folder (2)\\codeforces.cpp","group":"local","local":true}